path,prediction,class_id,confidence,prob_['a'],prob_['c'],prob_['d'],prob_['g'],prob_['h'],prob_['m'],prob_['n'],prob_['o'],prob_unknown
C:\Users\NXTWAVE\Downloads\Vision Care\archive\Odir5k preprocessed with CLAHE\testing images\1000_left.jpg,['n'],6,0.5078688805113809,0.02758807804308385,0.007836629810799342,0.1845549552698022,0.08236232491342434,0.01942582486164403,0.0036776805053478612,0.5078688805113809,0.07405804903277423,0.09262757705174303
C:\Users\NXTWAVE\Downloads\Vision Care\archive\Odir5k preprocessed with CLAHE\testing images\1000_right.jpg,['n'],6,0.5152879751453592,0.027051843204171654,0.007717979170977263,0.20404736690755085,0.07211054772749476,0.016264837452995038,0.005290844178603397,0.5152879751453592,0.0692565809675092,0.08297202524533921
C:\Users\NXTWAVE\Downloads\Vision Care\archive\Odir5k preprocessed with CLAHE\testing images\1001_left.jpg,['d'],2,0.37655963438508633,0.03099747398226844,0.04141863693188514,0.37655963438508633,0.03756527749647894,0.020284201371960256,0.00131826713855486,0.2961880229083844,0.12530118489342987,0.07036730089195188
C:\Users\NXTWAVE\Downloads\Vision Care\archive\Odir5k preprocessed with CLAHE\testing images\1001_right.jpg,['d'],2,0.39032213410921607,0.02908691574958526,0.030665120440835844,0.39032213410921607,0.046479851616128436,0.018930820603662968,0.0011898387863501284,0.2971386221262353,0.10326213794465237,0.08292455862333425
C:\Users\NXTWAVE\Downloads\Vision Care\archive\Odir5k preprocessed with CLAHE\testing images\1002_left.jpg,['n'],6,0.5077726552637387,0.042155239340241,0.0018452687622047576,0.22694659026719452,0.022870240595367956,0.020034639606603028,0.0020111515591615062,0.5077726552637387,0.11383668918679855,0.06252752541869022
C:\Users\NXTWAVE\Downloads\Vision Care\archive\Odir5k preprocessed with CLAHE\testing images\1002_right.jpg,['n'],6,0.4711374678308755,0.03931053614503832,0.00131573560400227,0.25771397641688154,0.03385296784420441,0.020041689886790535,0.001195896474657084,0.4711374678308755,0.11128889720826039,0.06414283258928993
C:\Users\NXTWAVE\Downloads\Vision Care\archive\Odir5k preprocessed with CLAHE\testing images\1003_left.jpg,['o'],7,0.17230328574902146,0.05982077370920352,0.005119210996647844,0.16188700627501745,0.028802893960599762,0.12781432188764139,0.13147627105980245,0.1604223571180044,0.17230328574902146,0.15235387924406188
C:\Users\NXTWAVE\Downloads\Vision Care\archive\Odir5k preprocessed with CLAHE\testing images\1003_right.jpg,['d'],2,0.19137922320923467,0.056801269521414254,0.0038608806564806785,0.19137922320923467,0.020878232927032166,0.11273090391179012,0.09630626550144719,0.17704751205819882,0.17236025009391362,0.16863546212048833
C:\Users\NXTWAVE\Downloads\Vision Care\archive\Odir5k preprocessed with CLAHE\testing images\1004_left.jpg,['n'],6,0.43918163065902865,0.034363242635586794,0.01618180123356084,0.2485946346785865,0.04011955144318673,0.02479598927058645,0.0005703832002369016,0.43918163065902865,0.12995498652337426,0.06623778035585333
C:\Users\NXTWAVE\Downloads\Vision Care\archive\Odir5k preprocessed with CLAHE\testing images\1004_right.jpg,['d'],2,0.43160341367698674,0.03815677500284851,0.013553728987405648,0.43160341367698674,0.045905999935710554,0.016583399841996416,0.002494154973920264,0.23305890721164257,0.11810603726804013,0.10053758310144927
C:\Users\NXTWAVE\Downloads\Vision Care\archive\Odir5k preprocessed with CLAHE\testing images\1007_left.jpg,['n'],6,0.4778788558773658,0.04478001595347391,0.0015196818998706348,0.24602340867365685,0.02305505335193948,0.02696074797395775,0.0005312413326114221,0.4778788558773658,0.11340445551704988,0.06584653942007439
C:\Users\NXTWAVE\Downloads\Vision Care\archive\Odir5k preprocessed with CLAHE\testing images\1007_right.jpg,['n'],6,0.43055397939788376,0.044450915422180784,0.0020994012254873877,0.2811199686754238,0.02418875687842157,0.02397516967945726,0.00047910254867326613,0.43055397939788376,0.12530661948945612,0.0678260866830157
C:\Users\NXTWAVE\Downloads\Vision Care\archive\Odir5k preprocessed with CLAHE\testing images\1009_left.jpg,['n'],6,0.47411571814680603,0.03235309516491717,0.010402632568425633,0.2569676923252701,0.03762754157936365,0.01349465397195425,0.00044808541365729855,0.47411571814680603,0.1046938371422122,0.06989674368739363
C:\Users\NXTWAVE\Downloads\Vision Care\archive\Odir5k preprocessed with CLAHE\testing images\1009_right.jpg,['n'],6,0.4023148984657997,0.036624035226234274,0.009409356454879838,0.3099529563996371,0.03580477707999725,0.015625615650999118,0.0006981808594028501,0.4023148984657997,0.1110781686593272,0.07849201120372287
C:\Users\NXTWAVE\Downloads\Vision Care\archive\Odir5k preprocessed with CLAHE\testing images\1026_left.jpg,['n'],6,0.4518123493139051,0.03361356045904359,0.0016606793786570885,0.28707926322304267,0.02290635331836459,0.010016505302999008,0.0029812659139288843,0.4518123493139051,0.1278617095658219,0.06206831352423687
C:\Users\NXTWAVE\Downloads\Vision Care\archive\Odir5k preprocessed with CLAHE\testing images\1026_right.jpg,['n'],6,0.4764550255107571,0.04906773814337019,0.0031813432710732403,0.28105956473678095,0.015012692992701634,0.013467110449525081,0.0011490874686700288,0.4764550255107571,0.10368318509300989,0.05692425233411195
C:\Users\NXTWAVE\Downloads\Vision Care\archive\Odir5k preprocessed with CLAHE\testing images\1027_left.jpg,unknown,8,0.3888290714863037,0.036064575994898714,0.0061377190559230655,0.16499517989190482,0.031130147129438478,0.006685842144186113,0.0022909437166550696,0.2984984438820015,0.0653680766986885,0.3888290714863037
C:\Users\NXTWAVE\Downloads\Vision Care\archive\Odir5k preprocessed with CLAHE\testing images\1027_right.jpg,unknown,8,0.4281365480910013,0.056592481970680335,0.008082477196006462,0.15333876478607844,0.02593683519833283,0.011318414453794107,0.004304916444856359,0.24591274322090706,0.06637681863834297,0.4281365480910013
C:\Users\NXTWAVE\Downloads\Vision Care\archive\Odir5k preprocessed with CLAHE\testing images\1029_left.jpg,['d'],2,0.31283241706373827,0.03900707930510214,0.006387647887967277,0.31283241706373827,0.02369460427960556,0.019462524139908125,0.012196262836831426,0.2954226946535759,0.12195138054297452,0.16904538929029664
C:\Users\NXTWAVE\Downloads\Vision Care\archive\Odir5k preprocessed with CLAHE\testing images\1029_right.jpg,['n'],6,0.3297094276240417,0.04381293960542824,0.005756260752977749,0.2906730773793397,0.02843722047167282,0.01584203246036814,0.011518664978014868,0.3297094276240417,0.11784080341920246,0.15640957330895436
C:\Users\NXTWAVE\Downloads\Vision Care\archive\Odir5k preprocessed with CLAHE\testing images\1030_left.jpg,['n'],6,0.5051609255719812,0.04175291436483528,0.0015227460805807892,0.229113210867356,0.020145868583652523,0.019270276678050723,0.0030308207178357757,0.5051609255719812,0.10998432595405074,0.07001891118165718
C:\Users\NXTWAVE\Downloads\Vision Care\archive\Odir5k preprocessed with CLAHE\testing images\1030_right.jpg,['n'],6,0.4686798616188489,0.0446884525889297,0.003761321740528876,0.24941352156806607,0.024270853641696156,0.02230577939586482,0.0012695685885195822,0.4686798616188489,0.12447795173971073,0.06113268911783576
C:\Users\NXTWAVE\Downloads\Vision Care\archive\Odir5k preprocessed with CLAHE\testing images\1037_left.jpg,['n'],6,0.5003360075535777,0.02914497334638902,0.007961379193656852,0.20994948852974427,0.05447911616243624,0.02184168960424668,0.0016167989140436524,0.5003360075535777,0.10389129197754424,0.07077925471836105
C:\Users\NXTWAVE\Downloads\Vision Care\archive\Odir5k preprocessed with CLAHE\testing images\1037_right.jpg,['n'],6,0.49997276203793356,0.03425101350380079,0.00263996183369466,0.2255216037887879,0.037048178811997255,0.02201908664037416,0.002342459553364157,0.49997276203793356,0.1071314685573841,0.0690734652726635
C:\Users\NXTWAVE\Downloads\Vision Care\archive\Odir5k preprocessed with CLAHE\testing images\1042_left.jpg,['n'],6,0.3701213514009383,0.01872745485012329,0.20010796724631996,0.08321122147777506,0.04890295332787178,0.012153011821849033,0.003254204219481722,0.3701213514009383,0.2078561018867793,0.055665733768861726
C:\Users\NXTWAVE\Downloads\Vision Care\archive\Odir5k preprocessed with CLAHE\testing images\1042_right.jpg,['n'],6,0.4561580415829383,0.030705236047389933,0.011677070442243226,0.2502973445529329,0.05036346402019253,0.023623381580364505,0.0006354378421213064,0.4561580415829383,0.11479022312130757,0.061749800810509854
C:\Users\NXTWAVE\Downloads\Vision Care\archive\Odir5k preprocessed with CLAHE\testing images\1044_left.jpg,['n'],6,0.44230936728941583,0.04404020992587311,0.0021531615266391973,0.2789092700003664,0.02271267629894866,0.02069824998683146,0.000334494955370337,0.44230936728941583,0.1236151784962217,0.06522739152033318
C:\Users\NXTWAVE\Downloads\Vision Care\archive\Odir5k preprocessed with CLAHE\testing images\1044_right.jpg,['n'],6,0.5464109303254704,0.037551231091224234,0.04841053944130507,0.15017556909660806,0.03358657436770223,0.016206769642094162,0.0008928056413435769,0.5464109303254704,0.10466808549131712,0.06209749490293477
C:\Users\NXTWAVE\Downloads\Vision Care\archive\Odir5k preprocessed with CLAHE\testing images\1047_left.jpg,['d'],2,0.3767275464103448,0.0459625765002974,0.007515412327949857,0.3767275464103448,0.020736251816980907,0.024557903753428836,0.000696986510475531,0.32708660085331454,0.1256996332297383,0.07101708859746957
C:\Users\NXTWAVE\Downloads\Vision Care\archive\Odir5k preprocessed with CLAHE\testing images\1047_right.jpg,['d'],2,0.3709112158443446,0.050317541318390245,0.006790857335256952,0.3709112158443446,0.027425919128833225,0.021806715561936044,0.0009129179418393948,0.33153703314613153,0.12241112667361351,0.06788667304965439
C:\Users\NXTWAVE\Downloads\Vision Care\archive\Odir5k preprocessed with CLAHE\testing images\1049_left.jpg,['n'],6,0.5821767729003688,0.016810107817618724,0.0023365957965321674,0.18899123232646595,0.028337291904979585,0.02111578674153094,0.008945905251305779,0.5821767729003688,0.09729760221975119,0.05398870504144694
C:\Users\NXTWAVE\Downloads\Vision Care\archive\Odir5k preprocessed with CLAHE\testing images\1049_right.jpg,['n'],6,0.5373193830180105,0.02840439775394358,0.007450013467667266,0.19132993502923917,0.04680061329519567,0.016507621315133076,0.011940963698861572,0.5373193830180105,0.09473379075732262,0.06551328166462633
C:\Users\NXTWAVE\Downloads\Vision Care\archive\Odir5k preprocessed with CLAHE\testing images\1051_left.jpg,['n'],6,0.4657830907214789,0.020893404768424242,0.0032569631383625075,0.2093794982971224,0.033660134701821304,0.02093128653351449,0.003109913313711609,0.4657830907214789,0.16732063524849197,0.07566507327707261
C:\Users\NXTWAVE\Downloads\Vision Care\archive\Odir5k preprocessed with CLAHE\testing images\1051_right.jpg,['n'],6,0.4770976128936539,0.017728405322365744,0.004285650797794665,0.20694683580619022,0.06492952868713443,0.03554459137089546,0.0025534649124195593,0.4770976128936539,0.08282497692083562,0.10808893328871075
C:\Users\NXTWAVE\Downloads\Vision Care\archive\Odir5k preprocessed with CLAHE\testing images\1055_left.jpg,['n'],6,0.4446157290010345,0.05856394250205778,0.0016360487028017471,0.2566257719510107,0.024382014397497084,0.013022835744869772,0.0134109072086458,0.4446157290010345,0.11407743516204195,0.07366531533004057
C:\Users\NXTWAVE\Downloads\Vision Care\archive\Odir5k preprocessed with CLAHE\testing images\1055_right.jpg,['d'],2,0.3397332291162913,0.07477083802403203,0.002245349502700975,0.3397332291162913,0.059925325395934766,0.009462473969392796,0.011510594124326439,0.2181142647618518,0.1537931245894895,0.13044480051598067
C:\Users\NXTWAVE\Downloads\Vision Care\archive\Odir5k preprocessed with CLAHE\testing images\1057_left.jpg,['d'],2,0.3663804006844608,0.04457448726199119,0.0026731132697971837,0.3663804006844608,0.02376837064571264,0.01893343389342032,0.0021146364372164467,0.3612022946673879,0.11439319084297452,0.0659600722970391
C:\Users\NXTWAVE\Downloads\Vision Care\archive\Odir5k preprocessed with CLAHE\testing images\1057_right.jpg,['n'],6,0.4819195996995874,0.04001339349365179,0.0067964339431762,0.26101615809415224,0.021218984799312866,0.015583681969825057,0.0023737271081513914,0.4819195996995874,0.10735404960819031,0.06372397128395242
C:\Users\NXTWAVE\Downloads\Vision Care\archive\Odir5k preprocessed with CLAHE\testing images\1063_left.jpg,['n'],6,0.5046113600226003,0.028037472178338047,0.05776068748062022,0.22395286928904207,0.03143221852088991,0.004976529866911381,0.013693684562311513,0.5046113600226003,0.06724686342215591,0.0682883146571303
C:\Users\NXTWAVE\Downloads\Vision Care\archive\Odir5k preprocessed with CLAHE\testing images\1063_right.jpg,['n'],6,0.5046113600226003,0.028037472178338047,0.05776068748062022,0.22395286928904207,0.03143221852088991,0.004976529866911381,0.013693684562311513,0.5046113600226003,0.06724686342215591,0.0682883146571303
C:\Users\NXTWAVE\Downloads\Vision Care\archive\Odir5k preprocessed with CLAHE\testing images\1067_left.jpg,['d'],2,0.38886740182293517,0.03900157275058633,0.003368385253834373,0.38886740182293517,0.019494861634774263,0.019476127667056416,0.0006691747197868178,0.32377138138775247,0.11614741574758411,0.08920367901569023
C:\Users\NXTWAVE\Downloads\Vision Care\archive\Odir5k preprocessed with CLAHE\testing images\1067_right.jpg,['n'],6,0.3549679577613902,0.04889442886374201,0.001895546224212102,0.3340934616269575,0.017605430522433043,0.02027190827939965,0.0021750343931414813,0.3549679577613902,0.1357461599460641,0.08435007238265982
C:\Users\NXTWAVE\Downloads\Vision Care\archive\Odir5k preprocessed with CLAHE\testing images\1069_left.jpg,['n'],6,0.334044182833954,0.06469440287709705,0.0032794628580785127,0.286661150569365,0.03165497662286162,0.013662558067708008,0.13554756780493793,0.334044182833954,0.07958240734326986,0.050873291022728424
C:\Users\NXTWAVE\Downloads\Vision Care\archive\Odir5k preprocessed with CLAHE\testing images\1069_right.jpg,['n'],6,0.38255284300554626,0.0572304974477499,0.0025683380360730325,0.3267733898041628,0.018110657971658964,0.016591437539293107,0.020131686757799208,0.38255284300554626,0.11304527827139814,0.06299587116631851
C:\Users\NXTWAVE\Downloads\Vision Care\archive\Odir5k preprocessed with CLAHE\testing images\1070_left.jpg,['n'],6,0.47817839263495876,0.03914252228170587,0.0012128176568927073,0.25032031791118137,0.029861015600139616,0.017295862225548405,0.003605609238724365,0.47817839263495876,0.11255206620002617,0.06783139625082249
C:\Users\NXTWAVE\Downloads\Vision Care\archive\Odir5k preprocessed with CLAHE\testing images\1070_right.jpg,['n'],6,0.484270121950286,0.03565835445264517,0.0014472051726033218,0.24076357200226753,0.03647665536446336,0.01642875285322579,0.007390358259744258,0.484270121950286,0.1082441368736968,0.06932084307106777
C:\Users\NXTWAVE\Downloads\Vision Care\archive\Odir5k preprocessed with CLAHE\testing images\1073_left.jpg,['d'],2,0.4529714576231317,0.048811174407793874,0.0025413245763924552,0.4529714576231317,0.013560789609154189,0.022477878135018742,0.01360943205371651,0.1566139145569894,0.17227232774933568,0.1171417012884677
C:\Users\NXTWAVE\Downloads\Vision Care\archive\Odir5k preprocessed with CLAHE\testing images\1073_right.jpg,['n'],6,0.5307182261541535,0.03513116607874285,0.004300905513767479,0.20346563093885103,0.03799769408106798,0.016896141535023983,0.000804118049012686,0.5307182261541535,0.10606578004074621,0.06462033760863416
C:\Users\NXTWAVE\Downloads\Vision Care\archive\Odir5k preprocessed with CLAHE\testing images\1076_left.jpg,['n'],6,0.5217115523489897,0.012227396956097659,0.0016740333048839845,0.2820201284012016,0.012943377885956892,0.019316586260246914,0.004085779854720274,0.5217115523489897,0.080671483119468,0.06534966186843522
C:\Users\NXTWAVE\Downloads\Vision Care\archive\Odir5k preprocessed with CLAHE\testing images\1076_right.jpg,['d'],2,0.5128621526203869,0.030719380574765854,0.005003170314615288,0.5128621526203869,0.017050249563358898,0.00972434543996749,0.018493352478296796,0.3100773231181492,0.024024259056133705,0.07204576683432569
C:\Users\NXTWAVE\Downloads\Vision Care\archive\Odir5k preprocessed with CLAHE\testing images\1078_left.jpg,['n'],6,0.43063238223921957,0.03984474953336695,0.003774434246879933,0.2712399071216018,0.030611362603855427,0.01953132561387044,0.008877946062023375,0.43063238223921957,0.12309448239985236,0.07239341017933096
C:\Users\NXTWAVE\Downloads\Vision Care\archive\Odir5k preprocessed with CLAHE\testing images\1078_right.jpg,['d'],2,0.3511214550695655,0.040762567804541495,0.008225543784464207,0.3511214550695655,0.018793072460024582,0.01884248562258764,0.012572723043304422,0.3107742618422829,0.16220350443822673,0.07670438593500237
C:\Users\NXTWAVE\Downloads\Vision Care\archive\Odir5k preprocessed with CLAHE\testing images\1088_left.jpg,['d'],2,0.40987659561470025,0.050937241115753845,0.0011685642540879815,0.40987659561470025,0.022899327086107438,0.024488210051842898,0.0010708742772066024,0.27247831026932773,0.14193713536288552,0.07514374196808792
C:\Users\NXTWAVE\Downloads\Vision Care\archive\Odir5k preprocessed with CLAHE\testing images\1088_right.jpg,['n'],6,0.41393773540312,0.04106232511842948,0.0005900134061958825,0.3277078109769465,0.016037864772369726,0.02171911865782608,0.00044376970208143265,0.41393773540312,0.10885816208569586,0.06964319987733447
C:\Users\NXTWAVE\Downloads\Vision Care\archive\Odir5k preprocessed with CLAHE\testing images\1100_left.jpg,['d'],2,0.4172894172646752,0.03551362393219787,0.01629186241681437,0.4172894172646752,0.04318030178969578,0.023157871412321344,0.0010163365160902305,0.2776793965110049,0.11701061216979747,0.06886057798740276
C:\Users\NXTWAVE\Downloads\Vision Care\archive\Odir5k preprocessed with CLAHE\testing images\1100_right.jpg,['d'],2,0.525389533215454,0.04756527033954661,0.0043133341794728735,0.525389533215454,0.024553667784028017,0.02237603630889059,0.0015888060458946242,0.17877656100159395,0.11617593061054544,0.07926086051457429
C:\Users\NXTWAVE\Downloads\Vision Care\archive\Odir5k preprocessed with CLAHE\testing images\1105_left.jpg,['n'],6,0.4635955304980456,0.029673922891303665,0.020503275238572857,0.24019109404887662,0.05388273705675127,0.015354225442834844,0.004623377379229794,0.4635955304980456,0.10145074037394682,0.0707250970704392
C:\Users\NXTWAVE\Downloads\Vision Care\archive\Odir5k preprocessed with CLAHE\testing images\1105_right.jpg,['n'],6,0.4353144850010783,0.029233599877428,0.021188294000348787,0.26083039291112325,0.05205449156743073,0.016187763263109136,0.008558764556138621,0.4353144850010783,0.1117756812067915,0.06485652761655188
C:\Users\NXTWAVE\Downloads\Vision Care\archive\Odir5k preprocessed with CLAHE\testing images\1107_left.jpg,['n'],6,0.6012163628365919,0.02134799089813915,0.013150851584304223,0.14219131681376132,0.03802416529704259,0.012633952290003435,0.0011498123268716145,0.6012163628365919,0.10997838047314594,0.06030716748013967
C:\Users\NXTWAVE\Downloads\Vision Care\archive\Odir5k preprocessed with CLAHE\testing images\1107_right.jpg,['n'],6,0.5235517624490008,0.028674033749957036,0.001787069020617198,0.2549449304209521,0.01602542235791939,0.017924781955886007,0.0005582513090519123,0.5235517624490008,0.09802639632564875,0.058507352410966405
C:\Users\NXTWAVE\Downloads\Vision Care\archive\Odir5k preprocessed with CLAHE\testing images\1108_left.jpg,['d'],2,0.35132645613969626,0.1463322285814917,0.0016217415978311027,0.35132645613969626,0.019041562851807917,0.0422919312546388,0.005931832308735418,0.2677255150636001,0.08184958662582485,0.08387914557637376
C:\Users\NXTWAVE\Downloads\Vision Care\archive\Odir5k preprocessed with CLAHE\testing images\1108_right.jpg,['n'],6,0.5283031977217391,0.03287797406824505,0.008435462921381668,0.14203952741711068,0.04398279727128101,0.024057718635092033,0.06143402701318495,0.5283031977217391,0.0706594635929666,0.08820983135899874
C:\Users\NXTWAVE\Downloads\Vision Care\archive\Odir5k preprocessed with CLAHE\testing images\1110_left.jpg,['d'],2,0.3952541704178651,0.0432564576958629,0.002574543745075195,0.3952541704178651,0.02518763855051027,0.018492354531484213,0.011092259486952328,0.2792817395559742,0.12389260033657419,0.1009682356797016
C:\Users\NXTWAVE\Downloads\Vision Care\archive\Odir5k preprocessed with CLAHE\testing images\1110_right.jpg,['d'],2,0.3622798189095298,0.04410625079733296,0.006413612961673602,0.3622798189095298,0.03222114091943131,0.016098658336353225,0.010172169693604634,0.32867452854752127,0.11134100639400779,0.08869281344054523
C:\Users\NXTWAVE\Downloads\Vision Care\archive\Odir5k preprocessed with CLAHE\testing images\1112_left.jpg,['n'],6,0.4391410845731624,0.036508882099893725,0.0017259178824719787,0.31397031996441366,0.012501699948361283,0.010196848450334622,0.002127247400864655,0.4391410845731624,0.10575497086849435,0.07807302881200327
C:\Users\NXTWAVE\Downloads\Vision Care\archive\Odir5k preprocessed with CLAHE\testing images\1112_right.jpg,['d'],2,0.3730572143775845,0.030675938789549953,0.0033583476571382425,0.3730572143775845,0.0172206835428413,0.009447356746947785,0.005051161608847579,0.30884704537759683,0.16835948428592715,0.08398276761356646
C:\Users\NXTWAVE\Downloads\Vision Care\archive\Odir5k preprocessed with CLAHE\testing images\1128_left.jpg,['n'],6,0.5218634132465645,0.019751275750520898,0.008921451337063896,0.2214283049936735,0.022755579975604127,0.006582927891699924,0.03163061000816408,0.5218634132465645,0.12098584796080286,0.04608058883590575
C:\Users\NXTWAVE\Downloads\Vision Care\archive\Odir5k preprocessed with CLAHE\testing images\1128_right.jpg,['d'],2,0.4809029835741826,0.04072385972339922,0.013533322644972836,0.4809029835741826,0.018970758418157443,0.013602628884624398,0.01063993456434041,0.09364195847803597,0.1479459658162131,0.18003858789607405
C:\Users\NXTWAVE\Downloads\Vision Care\archive\Odir5k preprocessed with CLAHE\testing images\1135_left.jpg,['n'],6,0.39317577632771866,0.0458877005223698,0.005501951025478712,0.3067669540050308,0.022412155075590894,0.019751146434120348,0.0004548402207621546,0.39317577632771866,0.13083432582934493,0.07521515055958365
C:\Users\NXTWAVE\Downloads\Vision Care\archive\Odir5k preprocessed with CLAHE\testing images\1135_right.jpg,['n'],6,0.4418663916500593,0.04634494330469604,0.004444642878617026,0.2580873369246228,0.026412049727152595,0.018659430094488092,0.0004580454327938791,0.4418663916500593,0.13379895757505525,0.0699282024125148
C:\Users\NXTWAVE\Downloads\Vision Care\archive\Odir5k preprocessed with CLAHE\testing images\1178_left.jpg,['n'],6,0.5220596605844622,0.019273173361392462,0.0022171948034773147,0.23435571037369252,0.04725911307396807,0.019806528998571223,0.0053724211905697,0.5220596605844622,0.098389042610706,0.051267155003160696
C:\Users\NXTWAVE\Downloads\Vision Care\archive\Odir5k preprocessed with CLAHE\testing images\1178_right.jpg,['n'],6,0.4696092224421106,0.0223496262073262,0.0020994844259293265,0.23047929140796203,0.06086364941301658,0.01995236340467195,0.010343643892319968,0.4696092224421106,0.10761442420250199,0.07668829460416049
C:\Users\NXTWAVE\Downloads\Vision Care\archive\Odir5k preprocessed with CLAHE\testing images\1179_left.jpg,['n'],6,0.4305237565291061,0.04079332439283091,0.0006632062612032205,0.3017661536536523,0.025033496929877715,0.0241179933765222,0.0005246962068201048,0.4305237565291061,0.10673191528571925,0.06984545736426817
C:\Users\NXTWAVE\Downloads\Vision Care\archive\Odir5k preprocessed with CLAHE\testing images\1179_right.jpg,['n'],6,0.5014032847229052,0.03153735447310751,0.0015989763925739321,0.22316601396482794,0.05720734953448118,0.020710124755095538,0.004791220479922686,0.5014032847229052,0.07811645164287347,0.08146922403421263
C:\Users\NXTWAVE\Downloads\Vision Care\archive\Odir5k preprocessed with CLAHE\testing images\1180_left.jpg,['n'],6,0.3805987819309768,0.043243968938510895,0.0015445486497352677,0.34738394180799675,0.022648100509238545,0.0204447930432473,0.000592497491926041,0.3805987819309768,0.1176543113328673,0.0658890562955009
C:\Users\NXTWAVE\Downloads\Vision Care\archive\Odir5k preprocessed with CLAHE\testing images\1180_right.jpg,['n'],6,0.4945737909768194,0.03842466486079798,0.00397577634776544,0.2515590135373048,0.018006090383912224,0.02075825494775089,0.0006155096699315316,0.4945737909768194,0.10321408558305609,0.06887281369266186
C:\Users\NXTWAVE\Downloads\Vision Care\archive\Odir5k preprocessed with CLAHE\testing images\1183_left.jpg,['n'],6,0.3281688983800504,0.050549889342281246,0.002336630621420286,0.19133057978571755,0.021336587474582714,0.05421037909885476,0.011851990549547688,0.3281688983800504,0.09390353883698845,0.24631150591055714
C:\Users\NXTWAVE\Downloads\Vision Care\archive\Odir5k preprocessed with CLAHE\testing images\1183_right.jpg,['n'],6,0.3580608627901062,0.04580038985576972,0.0020408568094008772,0.18182208613213574,0.02230016923029923,0.03494920696274342,0.014332043841038656,0.3580608627901062,0.08151283426173249,0.25918155011677346
C:\Users\NXTWAVE\Downloads\Vision Care\archive\Odir5k preprocessed with CLAHE\testing images\1184_left.jpg,['n'],6,0.49077183987529577,0.014516567264767929,0.023124160154591653,0.18917772005535274,0.07403510595393333,0.019580631370561544,0.0013786885297010245,0.49077183987529577,0.10487169162445861,0.08254359517133737
C:\Users\NXTWAVE\Downloads\Vision Care\archive\Odir5k preprocessed with CLAHE\testing images\1184_right.jpg,['n'],6,0.5038780182508767,0.01789692471783966,0.03458441867816351,0.20768982847409365,0.038332411603928265,0.014810721481929079,0.0013552271427482408,0.5038780182508767,0.11729459577278045,0.06415785387764039
C:\Users\NXTWAVE\Downloads\Vision Care\archive\Odir5k preprocessed with CLAHE\testing images\1192_left.jpg,['n'],6,0.5458019626913527,0.03398876770736112,0.0009423597842817775,0.19404792350183783,0.022427917403692852,0.010774876309187584,0.018440697111071054,0.5458019626913527,0.11051272964666076,0.06306276584455446
C:\Users\NXTWAVE\Downloads\Vision Care\archive\Odir5k preprocessed with CLAHE\testing images\1192_right.jpg,['n'],6,0.505137226191376,0.024891777304818858,0.0019549812853260086,0.201678330094078,0.03030679158850721,0.01753721356070971,0.016510920740267585,0.505137226191376,0.11085208070434127,0.09113067853057552
C:\Users\NXTWAVE\Downloads\Vision Care\archive\Odir5k preprocessed with CLAHE\testing images\1193_left.jpg,['n'],6,0.5223136744106202,0.010900400409553484,0.0031470480458906424,0.200527991390477,0.02412773141017479,0.020572542362248158,0.004027088418702698,0.5223136744106202,0.11022207268533994,0.1041614508669932
C:\Users\NXTWAVE\Downloads\Vision Care\archive\Odir5k preprocessed with CLAHE\testing images\1193_right.jpg,['n'],6,0.43509718251553486,0.019301473936841198,0.012737687340286345,0.18782551269028572,0.04402733375331501,0.014916359792493564,0.012352171100720078,0.43509718251553486,0.15432909119862426,0.11941318767189907
C:\Users\NXTWAVE\Downloads\Vision Care\archive\Odir5k preprocessed with CLAHE\testing images\1199_left.jpg,['n'],6,0.5256039667615523,0.03640044520561936,0.00733076939711753,0.14305005475244384,0.01613567075636389,0.019252637196841244,0.0084998350839388,0.5256039667615523,0.15278084938190603,0.09094577146421658
C:\Users\NXTWAVE\Downloads\Vision Care\archive\Odir5k preprocessed with CLAHE\testing images\1199_right.jpg,['n'],6,0.5028075023834542,0.027972677929780934,0.008162180726835213,0.20544068676247118,0.024490682577582308,0.019418543285305404,0.012232096323934587,0.5028075023834542,0.1359786417035972,0.06349698830703969
C:\Users\NXTWAVE\Downloads\Vision Care\archive\Odir5k preprocessed with CLAHE\testing images\1201_left.jpg,['n'],6,0.3739412472686638,0.037913287985568166,0.0018064514933639531,0.36668598540686276,0.023135565064679193,0.01695199871747794,0.0015345782895057813,0.3739412472686638,0.10000382585530217,0.07802705991857595
C:\Users\NXTWAVE\Downloads\Vision Care\archive\Odir5k preprocessed with CLAHE\testing images\1201_right.jpg,['d'],2,0.41865382044261235,0.04546644960540414,0.00176196442717501,0.41865382044261235,0.01757917245625943,0.021564622709615275,0.0015041602528754574,0.3000329081670892,0.11544308948041831,0.07799381245855047
C:\Users\NXTWAVE\Downloads\Vision Care\archive\Odir5k preprocessed with CLAHE\testing images\1224_left.jpg,['n'],6,0.5465352241049999,0.0386136899777717,0.00293976527195676,0.19937634988208686,0.01170856151961252,0.014423071600299413,0.0022688663056443727,0.5465352241049999,0.15026333302639852,0.03387113831123001
C:\Users\NXTWAVE\Downloads\Vision Care\archive\Odir5k preprocessed with CLAHE\testing images\1224_right.jpg,['n'],6,0.3740771516022193,0.025280872185971567,0.003636257676892002,0.3211773926381851,0.009035894154732002,0.07574773914953842,0.0038086414085087847,0.3740771516022193,0.1350626286318613,0.05217342255209149
C:\Users\NXTWAVE\Downloads\Vision Care\archive\Odir5k preprocessed with CLAHE\testing images\1244_left.jpg,['g'],3,0.7219756617011693,0.021070558215368,0.010993406827031134,0.017853567795676404,0.7219756617011693,0.0034434868598146695,0.036770518018107406,0.04815073148720263,0.027041778731833162,0.112700290363797
C:\Users\NXTWAVE\Downloads\Vision Care\archive\Odir5k preprocessed with CLAHE\testing images\1244_right.jpg,['n'],6,0.37955177671123885,0.02234700811172269,0.06964237371973686,0.02457755459102959,0.2503597250108794,0.004320021881492512,0.003172428327958396,0.37955177671123885,0.12984626655560388,0.11618284509033827
C:\Users\NXTWAVE\Downloads\Vision Care\archive\Odir5k preprocessed with CLAHE\testing images\1249_left.jpg,['n'],6,0.5254171214999789,0.02418807871537424,0.08015253044787976,0.029487407707742098,0.12442229905597138,0.005332992106137266,0.00380843464816887,0.5254171214999789,0.13194611914191093,0.07524501667683704
C:\Users\NXTWAVE\Downloads\Vision Care\archive\Odir5k preprocessed with CLAHE\testing images\1249_right.jpg,['n'],6,0.3858977429591373,0.038057925116072776,0.0755801113136308,0.02209963440926678,0.09049775344855703,0.006107608928381412,0.011345546106600901,0.3858977429591373,0.22240960834080437,0.1480040693775487
C:\Users\NXTWAVE\Downloads\Vision Care\archive\Odir5k preprocessed with CLAHE\testing images\1252_left.jpg,['d'],2,0.32491180661014907,0.02289457989789782,0.04738972688494846,0.32491180661014907,0.046068117923007114,0.010534109867224166,0.0037445874700338835,0.3011732628620345,0.18554190328097594,0.05774190520372913
C:\Users\NXTWAVE\Downloads\Vision Care\archive\Odir5k preprocessed with CLAHE\testing images\1252_right.jpg,['n'],6,0.4376656313974172,0.02756215092232658,0.03790689605901126,0.2530038325274864,0.05022122577850674,0.014026498435817061,0.0008769538894062059,0.4376656313974172,0.11949789461365858,0.05923891637637
C:\Users\NXTWAVE\Downloads\Vision Care\archive\Odir5k preprocessed with CLAHE\testing images\1257_left.jpg,['m'],5,0.3820500365560298,0.03455248598509074,0.011069366907319788,0.09967480290215065,0.021746139018208852,0.009814403655945799,0.3820500365560298,0.07163047747918759,0.06626970778643496,0.3031925797096318
C:\Users\NXTWAVE\Downloads\Vision Care\archive\Odir5k preprocessed with CLAHE\testing images\1257_right.jpg,['n'],6,0.5038667083833794,0.04053322870342214,0.002487230153168415,0.23739281842583543,0.025822369242168124,0.020581345863896976,0.0027456175232090903,0.5038667083833794,0.10627440411355632,0.06029627759136424
C:\Users\NXTWAVE\Downloads\Vision Care\archive\Odir5k preprocessed with CLAHE\testing images\1275_left.jpg,['o'],7,0.2642632251720717,0.026586209813228213,0.009822853216408717,0.09133945459160922,0.2516422074899157,0.009069828482969552,0.0035657923681520786,0.25305919023030504,0.2642632251720717,0.09065123863533979
C:\Users\NXTWAVE\Downloads\Vision Care\archive\Odir5k preprocessed with CLAHE\testing images\1275_right.jpg,['g'],3,0.33212689898409453,0.030602041803418883,0.012065468929198332,0.07397851963130807,0.33212689898409453,0.00886589219296715,0.007507986217415836,0.1889146957732638,0.22600505419379688,0.11993344227453677
C:\Users\NXTWAVE\Downloads\Vision Care\archive\Odir5k preprocessed with CLAHE\testing images\1283_left.jpg,['d'],2,0.39385746765197355,0.03984738611841246,0.010083691685655467,0.39385746765197355,0.04600135460194279,0.015074335518989013,0.008881851714285752,0.285753291792861,0.1067382801629174,0.09376234075296305
C:\Users\NXTWAVE\Downloads\Vision Care\archive\Odir5k preprocessed with CLAHE\testing images\1283_right.jpg,['n'],6,0.4582684545817805,0.053841948663782314,0.001761486709584954,0.26369005966672376,0.04885794483301679,0.014772714777052628,0.0019515068315767651,0.4582684545817805,0.07843035671714682,0.07842552721933542
C:\Users\NXTWAVE\Downloads\Vision Care\archive\Odir5k preprocessed with CLAHE\testing images\1292_left.jpg,['n'],6,0.5046113600226003,0.028037472178338047,0.05776068748062022,0.22395286928904207,0.03143221852088991,0.004976529866911381,0.013693684562311513,0.5046113600226003,0.06724686342215591,0.0682883146571303
C:\Users\NXTWAVE\Downloads\Vision Care\archive\Odir5k preprocessed with CLAHE\testing images\1292_right.jpg,['n'],6,0.5046113600226003,0.028037472178338047,0.05776068748062022,0.22395286928904207,0.03143221852088991,0.004976529866911381,0.013693684562311513,0.5046113600226003,0.06724686342215591,0.0682883146571303
C:\Users\NXTWAVE\Downloads\Vision Care\archive\Odir5k preprocessed with CLAHE\testing images\1298_left.jpg,['n'],6,0.4851384675567659,0.02766543614469864,0.17072318653077234,0.08786959154804314,0.08620025655446795,0.006462094029992707,0.015924418422056663,0.4851384675567659,0.0739684541072618,0.04604809510594096
C:\Users\NXTWAVE\Downloads\Vision Care\archive\Odir5k preprocessed with CLAHE\testing images\1298_right.jpg,['n'],6,0.4826182331297154,0.027536054063041524,0.16385745813483998,0.0914376294378102,0.09206828360932848,0.006344462606492183,0.015695694915569873,0.4826182331297154,0.07379394574418258,0.04664823835901927
C:\Users\NXTWAVE\Downloads\Vision Care\archive\Odir5k preprocessed with CLAHE\testing images\1300_left.jpg,['n'],6,0.507200261199147,0.03325675542870629,0.043287325751902896,0.15670585310148433,0.06192206674782789,0.017547432951837343,0.008322737272944669,0.507200261199147,0.10041760935589863,0.07133995819025041
C:\Users\NXTWAVE\Downloads\Vision Care\archive\Odir5k preprocessed with CLAHE\testing images\1300_right.jpg,['c'],1,0.521112111112348,0.0079811062024346,0.521112111112348,0.03627393532039365,0.03697809794634999,0.009828511757519929,0.0010281532804300596,0.30207802785361,0.05048812439846532,0.034231932128448744
C:\Users\NXTWAVE\Downloads\Vision Care\archive\Odir5k preprocessed with CLAHE\testing images\1305_left.jpg,['n'],6,0.49964420308594765,0.044019720876626096,0.0014030521335863075,0.17625811551290926,0.02883229860721273,0.01358266402787496,0.06420423392275448,0.49964420308594765,0.1147450958985149,0.05731061593457359
C:\Users\NXTWAVE\Downloads\Vision Care\archive\Odir5k preprocessed with CLAHE\testing images\1305_right.jpg,['n'],6,0.5098790424367006,0.03460586833438637,0.0019440082604625017,0.19281670162532744,0.03177129168011408,0.02091128507778839,0.022479881626740802,0.5098790424367006,0.11758585985386019,0.06800606110462003
C:\Users\NXTWAVE\Downloads\Vision Care\archive\Odir5k preprocessed with CLAHE\testing images\1312_left.jpg,unknown,8,0.26774266133822044,0.04022152390799287,0.08947436907004908,0.0369485797301496,0.12613690521603024,0.007746915845527256,0.031701573244418704,0.22250052362326858,0.17752694802434307,0.26774266133822044
C:\Users\NXTWAVE\Downloads\Vision Care\archive\Odir5k preprocessed with CLAHE\testing images\1312_right.jpg,['n'],6,0.48078137774827073,0.03253250538174581,0.0014923935621827462,0.24095778108987417,0.03285362779356519,0.012398489689183747,0.010703277565413819,0.48078137774827073,0.09851505374883826,0.08976549342092516
C:\Users\NXTWAVE\Downloads\Vision Care\archive\Odir5k preprocessed with CLAHE\testing images\1315_left.jpg,['n'],6,0.4830692940576457,0.034800306405877,0.012481234391895123,0.23127651643826685,0.07324185479137006,0.015204657956033088,0.0011124401933552317,0.4830692940576457,0.08409586556347881,0.06471783020207825
C:\Users\NXTWAVE\Downloads\Vision Care\archive\Odir5k preprocessed with CLAHE\testing images\1315_right.jpg,['n'],6,0.45109801941017696,0.04178833114772456,0.004595867537884915,0.2734857008750284,0.03622207690984749,0.013177891883790916,0.001243237427562255,0.45109801941017696,0.10737627238337275,0.0710126024246118
C:\Users\NXTWAVE\Downloads\Vision Care\archive\Odir5k preprocessed with CLAHE\testing images\1317_left.jpg,['g'],3,0.6801442341730658,0.008881747840527653,0.08461508848562746,0.028456591748383494,0.6801442341730658,0.005660625646175142,0.001753929552873864,0.07096249815549187,0.09206544368306635,0.027459840714788384
C:\Users\NXTWAVE\Downloads\Vision Care\archive\Odir5k preprocessed with CLAHE\testing images\1317_right.jpg,['n'],6,0.28956534619561,0.014834243132673862,0.006595258252093299,0.16207704208547086,0.2776206862434702,0.0070919155369865575,0.002322368558038409,0.28956534619561,0.17864088364165903,0.06125225635399778
C:\Users\NXTWAVE\Downloads\Vision Care\archive\Odir5k preprocessed with CLAHE\testing images\1321_left.jpg,['n'],6,0.4903473496706369,0.026588548492879206,0.037784610437187664,0.03198173265931701,0.2127742593340206,0.00691185955623542,0.047328238031843835,0.4903473496706369,0.05572636973731518,0.09055703208056362
C:\Users\NXTWAVE\Downloads\Vision Care\archive\Odir5k preprocessed with CLAHE\testing images\1321_right.jpg,['n'],6,0.29449966866269217,0.060849000736061115,0.02800257441776687,0.053434585339584846,0.20887072161569986,0.0071077362443179234,0.10897967236914702,0.29449966866269217,0.08603038122904826,0.15222565938568192
C:\Users\NXTWAVE\Downloads\Vision Care\archive\Odir5k preprocessed with CLAHE\testing images\1322_left.jpg,['n'],6,0.5507389769690992,0.030525344578157032,0.00161403159583089,0.2279949299275675,0.019505415441150385,0.010017161762602146,0.0015188022135838007,0.5507389769690992,0.09424514514468126,0.06384019236732814
C:\Users\NXTWAVE\Downloads\Vision Care\archive\Odir5k preprocessed with CLAHE\testing images\1322_right.jpg,['m'],5,0.5995863174764035,0.028923221045931355,0.05600410227756676,0.04888960634060629,0.040369086230641435,0.0036532731430561623,0.5995863174764035,0.09543819940735314,0.04147373044422798,0.08566246363421329
C:\Users\NXTWAVE\Downloads\Vision Care\archive\Odir5k preprocessed with CLAHE\testing images\1323_left.jpg,['d'],2,0.34384013587957074,0.024332234670573764,0.048713255689274156,0.34384013587957074,0.051212333446008465,0.018711257387348145,0.0357995553005076,0.2823934504089833,0.12386297063855635,0.07113480657917691
C:\Users\NXTWAVE\Downloads\Vision Care\archive\Odir5k preprocessed with CLAHE\testing images\1323_right.jpg,['n'],6,0.35706602916027336,0.0338924914644485,0.1442137090279939,0.10361085172457994,0.02743548256292255,0.01739478222882651,0.00544500125937937,0.35706602916027336,0.08271337247429174,0.22822828009728405
C:\Users\NXTWAVE\Downloads\Vision Care\archive\Odir5k preprocessed with CLAHE\testing images\1324_left.jpg,['n'],6,0.5046113600226003,0.028037472178338047,0.05776068748062022,0.22395286928904207,0.03143221852088991,0.004976529866911381,0.013693684562311513,0.5046113600226003,0.06724686342215591,0.0682883146571303
C:\Users\NXTWAVE\Downloads\Vision Care\archive\Odir5k preprocessed with CLAHE\testing images\1324_right.jpg,['n'],6,0.5046113600226003,0.028037472178338047,0.05776068748062022,0.22395286928904207,0.03143221852088991,0.004976529866911381,0.013693684562311513,0.5046113600226003,0.06724686342215591,0.0682883146571303
C:\Users\NXTWAVE\Downloads\Vision Care\archive\Odir5k preprocessed with CLAHE\testing images\1326_left.jpg,['m'],5,0.764421914446982,0.020540050816360365,0.005400745960210247,0.010746136599456751,0.026991886287258803,0.0012516798371133052,0.764421914446982,0.031241840267021682,0.016907306941938666,0.12249843884365802
